

// This is an 8x8 font 

unsigned char font1[2048] =
{
	124,130,186,162,186,130,124,0,126,129,165,129,165,153,129,126,
	126,129,165,129,153,165,129,126,108,246,246,254,124,56,16,0,
	16,56,124,254,124,56,16,0,16,56,84,254,84,16,56,0,
	56,124,254,254,108,16,56,0,16,24,20,20,48,112,96,0,
	254,254,254,238,254,254,254,0,236,138,138,170,170,170,236,0,
	142,136,136,140,136,136,232,0,174,170,170,234,170,170,174,0,
	238,136,136,204,136,136,136,0,238,138,138,142,140,138,234,0,
	62,34,62,34,102,238,204,0,16,84,40,198,40,84,16,0,
	240,248,252,254,252,248,240,0,30,62,126,254,126,62,30,0,
	16,56,124,16,124,56,16,0,238,238,238,238,238,0,238,0,
	254,68,68,68,68,68,68,0,126,128,188,198,122,2,252,0,
	0,0,0,0,255,255,0,0,16,56,124,16,124,56,16,254,
	16,56,124,254,56,56,56,0,56,56,56,254,124,56,16,0,
	16,24,252,254,252,24,16,0,16,48,126,254,126,48,16,0,
	144,72,36,18,36,72,144,0,18,36,72,144,72,36,18,0,
	16,40,68,146,40,68,130,0,130,68,40,146,68,40,16,0,
	0,0,0,0,0,0,0,0,16,16,16,16,16,0,16,0,
	40,40,40,0,0,0,0,0,68,254,68,68,68,254,68,0,
	16,126,144,124,18,252,16,0,66,164,72,16,36,74,132,0,
	56,68,56,112,138,132,122,0,16,16,32,0,0,0,0,0,
	8,16,16,16,16,16,8,0,32,16,16,16,16,16,32,0,
	16,84,56,254,56,84,16,0,16,16,16,254,16,16,16,0,
	0,0,0,0,0,16,16,32,0,0,0,254,0,0,0,0,
	0,0,0,0,0,0,16,0,2,4,8,16,32,64,128,0,
	124,130,130,130,130,130,124,0,240,16,16,16,16,16,254,0,
	252,2,2,124,128,128,254,0,252,2,2,28,2,2,252,0,
	130,130,130,126,2,2,2,0,254,128,252,2,2,2,252,0,
	126,128,252,130,130,130,124,0,252,2,2,2,2,2,2,0,
	124,130,130,124,130,130,124,0,126,130,130,126,2,2,252,0,
	0,0,0,16,0,0,16,0,0,0,0,16,0,0,16,32,
	8,16,32,64,32,16,8,0,0,0,0,254,0,254,0,0,
	64,32,16,8,16,32,64,0,56,68,4,8,16,0,16,0,
	60,66,154,170,156,64,62,0,124,130,130,254,130,130,130,0,
	252,130,130,252,130,130,252,0,124,130,128,128,128,130,124,0,
	252,130,130,130,130,130,252,0,254,128,128,240,128,128,254,0,
	254,128,128,240,128,128,128,0,124,130,128,142,130,130,124,0,
	130,130,130,254,130,130,130,0,254,16,16,16,16,16,254,0,
	62,2,2,2,130,130,124,0,130,132,136,240,136,132,130,0,
	128,128,128,128,128,128,254,0,252,146,146,146,146,146,146,0,
	130,194,162,146,138,134,130,0,124,130,130,130,130,130,124,0,
	252,130,130,252,128,128,128,0,124,130,130,130,138,134,126,0,
	252,130,130,252,130,130,130,0,126,128,128,124,2,2,252,0,
	254,16,16,16,16,16,16,0,130,130,130,130,130,130,124,0,
	130,130,68,68,40,40,16,0,130,130,130,146,146,146,108,0,
	130,68,40,16,40,68,130,0,130,130,130,126,2,2,252,0,
	254,4,8,16,32,64,254,0,56,32,32,32,32,32,56,0,
	128,64,32,16,8,4,2,0,56,8,8,8,8,8,56,0,
	16,40,68,130,0,0,0,0,0,0,0,0,0,0,0,255,
	32,32,16,0,0,0,0,0,0,0,56,68,124,68,68,0,
	0,0,120,68,120,68,120,0,0,0,60,64,64,64,60,0,
	0,0,120,68,68,68,120,0,0,0,124,64,112,64,124,0,
	0,0,124,64,112,64,64,0,0,0,60,64,76,68,60,0,
	0,0,68,68,124,68,68,0,0,0,124,16,16,16,124,0,
	0,0,28,4,4,68,56,0,0,0,68,72,112,72,68,0,
	0,0,64,64,64,64,124,0,0,0,120,84,84,84,84,0,
	0,0,120,68,68,68,68,0,0,0,56,68,68,68,56,0,
	0,0,120,68,120,64,64,0,0,0,56,68,68,76,54,0,
	0,0,120,68,120,68,68,0,0,0,60,64,56,4,120,0,
	0,0,124,16,16,16,16,0,0,0,68,68,68,68,56,0,
	0,0,68,68,40,40,16,0,0,0,68,68,84,108,68,0,
	0,0,68,40,16,40,68,0,0,0,68,68,60,4,120,0,
	0,0,124,8,16,32,124,0,8,16,16,32,16,16,8,0,
	16,16,16,0,16,16,16,0,32,16,16,8,16,16,32,0,
	80,40,0,0,0,0,0,0,0,16,40,68,130,130,254,0,
	254,254,254,254,254,254,254,0,0,0,0,0,0,254,254,0,
	0,0,124,124,124,124,124,0,0,0,0,0,0,0,124,0,
	128,128,128,128,128,128,128,0,0,64,64,64,64,64,64,0,
	16,24,28,30,28,24,16,0,16,48,112,240,112,48,16,0,
	62,30,30,62,114,224,64,0,4,14,156,248,240,240,248,0,
	64,224,114,62,30,30,62,0,248,240,240,248,156,14,4,0,
	56,68,130,130,130,68,56,0,56,124,254,254,254,124,56,0,
	0,124,68,68,68,124,0,0,0,124,124,124,124,124,0,0,
	0,60,110,126,112,126,60,0,0,60,118,126,14,126,60,0,
	0,60,126,106,126,126,106,0,0,60,126,86,126,126,86,0,
	0,0,0,24,24,0,0,0,0,0,24,60,60,24,0,0,
	0,12,52,36,36,108,72,0,0,0,0,0,0,0,0,0,
	60,126,198,231,255,224,126,60,60,126,227,231,255,7,126,60,
	0,0,0,0,0,0,0,0,0,0,0,0,0,0,0,0,
	0,52,118,118,94,126,60,0,0,60,110,126,112,126,60,0,
	0,60,126,122,110,110,44,0,0,60,126,14,126,118,60,0,
	0,0,0,0,0,0,0,0,126,126,126,126,60,0,0,0,
	0,15,31,31,31,31,15,0,126,127,127,127,127,127,63,0,
	0,0,0,60,126,126,126,126,126,126,126,126,126,126,126,126,
	0,63,127,127,127,127,127,126,126,127,127,127,127,127,127,126,
	0,240,248,248,248,248,240,0,126,254,254,254,254,254,252,0,
	0,255,255,255,255,255,255,0,126,255,255,255,255,255,255,0,
	0,252,254,254,254,254,254,126,126,254,254,254,254,254,254,126,
	0,255,255,255,255,255,255,126,126,255,255,255,255,255,255,126,
	0,0,63,63,48,55,52,52,0,0,255,255,0,255,0,0,
	0,0,248,248,24,216,88,88,88,88,88,88,88,88,88,88,
	88,216,24,248,248,0,0,0,0,255,0,255,255,0,0,0,
	52,55,48,63,63,0,0,0,52,52,52,52,52,52,52,52,
	0,0,0,31,24,24,24,24,0,0,0,255,0,0,0,0,
	0,0,0,240,48,48,48,48,48,48,48,48,48,48,48,48,
	48,48,48,240,0,0,0,0,0,0,0,255,0,0,0,0,
	24,24,24,31,0,0,0,0,24,24,24,24,24,24,24,24,
	136,34,136,34,136,34,136,34,85,170,85,170,85,170,85,170,
	68,170,68,170,68,170,68,170,51,102,204,153,51,102,204,153,
	204,102,51,153,204,102,51,153,199,143,31,62,124,248,241,227,
	227,241,248,124,62,31,143,199,174,128,186,2,234,8,171,32,
	0,0,0,0,0,0,0,0,0,0,0,0,0,0,0,0,
	0,0,0,0,0,0,0,0,0,0,0,0,0,0,0,0,
	0,0,0,0,0,0,0,0,0,0,0,0,0,0,0,0,
	0,0,0,0,0,0,0,0,0,0,0,0,0,0,0,0,
	0,0,0,0,0,0,0,0,0,0,0,0,0,0,0,0,
	0,0,0,0,0,0,0,0,0,0,0,0,0,0,0,0,
	0,0,0,0,0,0,0,0,0,0,0,0,0,0,0,0,
	0,0,0,0,0,0,0,0,0,0,0,0,0,0,0,0,
	0,0,0,0,0,0,0,0,0,0,0,0,0,0,0,0,
	0,0,0,0,0,0,0,0,0,0,0,0,0,0,0,0,
	0,0,0,0,0,0,0,0,0,0,0,0,0,0,0,0,
	0,0,0,0,0,0,0,0,0,0,0,0,0,0,0,0,
	0,0,0,0,0,0,0,0,0,0,0,0,0,0,0,0,
	0,0,0,0,0,0,0,0,0,0,0,0,0,0,0,0,
	0,0,0,0,0,0,0,0,0,0,0,0,0,0,0,0,
	0,0,0,0,0,0,0,0,0,0,0,0,0,0,0,0,
	0,0,0,0,0,0,0,0,0,0,0,0,0,0,0,0,
	0,0,0,0,0,0,0,0,0,0,0,0,0,0,0,0,
	0,0,0,0,0,0,0,0,0,0,0,0,0,0,0,0,
	0,0,0,0,0,0,0,0,0,0,0,0,0,0,0,0,
	0,0,0,0,0,0,0,0,0,0,0,0,0,0,0,0,
	0,0,0,0,0,0,0,0,0,0,0,0,0,0,0,0,
	0,0,0,0,0,0,0,0,0,0,0,0,0,0,0,0,
	0,0,0,0,0,0,0,0,0,0,0,0,0,0,0,0,
	0,0,0,0,0,0,0,0,0,0,0,0,0,0,0,0,
	0,0,0,0,0,0,0,0,0,0,0,0,0,0,0,0,
	0,0,0,0,0,0,0,0,0,0,0,0,0,0,0,0,
	0,0,0,0,0,0,0,0,0,0,0,0,0,0,0,0,
};
//  This is a 8x8 font
unsigned char font2[2048] =
{
	0,0,0,0,0,0,0,0,0,0,0,0,0,0,0,0,
	0,0,0,0,0,0,0,0,0,0,0,0,0,0,0,0,
	0,0,0,0,0,0,0,0,0,0,0,0,0,0,0,0,
	0,0,0,0,0,0,0,0,0,0,0,0,0,0,0,0,
	0,0,0,0,0,0,0,0,0,0,0,0,0,0,0,0,
	0,0,0,0,0,0,0,0,0,0,0,0,0,0,0,0,
	0,0,0,0,0,0,0,0,0,0,0,0,0,0,0,0,
	0,0,0,0,0,0,0,0,0,0,0,0,0,0,0,0,
	0,0,0,0,0,0,0,0,0,0,0,0,0,0,0,0,
	0,0,0,0,0,0,0,0,0,0,0,0,0,0,0,0,
	0,0,0,0,0,0,0,0,0,0,0,0,0,0,0,0,
	0,0,0,0,0,0,0,0,0,0,0,0,0,0,0,0,
	0,0,0,0,0,0,0,0,0,0,0,0,0,0,0,0,
	0,0,0,0,0,0,0,0,0,0,0,0,0,0,0,0,
	0,0,0,0,0,0,0,0,0,0,0,0,0,0,0,0,
	0,0,0,0,0,0,0,0,0,0,0,0,0,0,0,0,
	0,0,0,0,0,0,0,0,56,56,56,56,56,0,56,56,
	108,108,0,0,0,0,0,0,0,108,254,254,108,254,254,108,
	48,126,224,124,14,254,252,48,98,230,204,24,48,102,206,140,
	120,220,252,120,250,222,252,118,28,28,56,0,0,0,0,0,
	14,28,28,28,28,28,28,14,112,56,56,56,56,56,56,112,
	0,0,0,230,124,56,124,206,0,0,28,28,127,127,28,28,
	0,0,0,0,0,28,28,56,0,0,0,0,124,124,0,0,
	0,0,0,0,0,0,56,56,28,28,56,56,112,112,224,224,
	124,254,238,238,238,254,254,124,56,120,248,56,56,254,254,254,
	252,254,14,60,112,254,254,254,252,254,14,60,14,254,254,252,
	238,238,238,254,254,14,14,14,254,254,224,252,14,254,254,252,
	124,252,224,252,238,254,254,124,252,254,14,14,28,28,56,56,
	124,254,238,124,238,254,254,124,124,254,238,126,14,254,254,252,
	0,0,28,28,0,28,28,28,0,0,28,28,0,28,28,56,
	6,14,28,56,56,28,14,6,0,0,124,124,0,124,124,124,
	112,56,28,14,14,28,56,112,124,254,206,28,56,0,56,56,
	124,198,190,182,190,182,200,126,124,254,238,254,238,238,238,238,
	252,254,206,252,206,254,254,252,124,254,238,224,238,254,254,124,
	252,254,238,238,238,254,254,252,254,254,224,248,224,254,254,254,
	126,254,224,248,224,224,224,224,126,254,224,238,238,254,254,124,
	238,238,238,254,238,238,238,238,254,254,56,56,56,254,254,254,
	254,254,14,14,238,254,254,124,238,238,252,248,252,238,238,238,
	224,224,224,224,224,254,254,126,130,198,238,254,254,238,238,238,
	206,238,254,254,254,254,238,230,124,254,238,238,238,254,254,124,
	252,254,238,238,252,224,224,224,124,254,238,238,254,254,252,118,
	252,254,238,238,252,238,238,238,126,254,224,124,14,254,254,252,
	254,254,56,56,56,56,56,56,238,238,238,238,238,254,254,124,
	238,238,238,238,238,238,124,56,238,238,238,254,254,238,198,130,
	238,238,124,56,124,238,238,238,238,238,124,124,56,56,112,112,
	254,254,28,56,112,254,254,254,124,124,112,112,112,124,124,124,
	112,112,56,56,28,28,14,14,124,124,28,28,28,124,124,124,
	56,124,238,198,0,0,0,0,0,0,0,0,0,254,254,254,
	56,56,28,0,0,0,0,0,0,124,254,238,254,238,238,238,
	0,252,254,206,252,206,254,252,0,124,254,238,224,238,254,124,
	0,252,254,238,238,238,254,252,0,254,254,224,248,224,254,254,
	0,126,254,224,248,224,224,224,0,126,254,224,238,238,254,124,
	0,238,238,238,254,238,238,238,0,254,254,56,56,56,254,254,
	0,254,254,14,14,238,254,124,0,238,238,252,248,252,238,238,
	0,224,224,224,224,224,254,126,0,130,198,238,254,254,238,238,
	0,206,238,254,254,254,238,230,0,124,254,238,238,238,254,124,
	0,252,254,238,238,252,224,224,0,124,254,238,238,254,252,118,
	0,252,254,238,238,252,238,238,0,126,254,224,124,14,254,252,
	0,254,254,56,56,56,56,56,0,238,238,238,238,238,254,124,
	0,238,238,238,238,238,124,56,0,238,238,238,254,238,198,130,
	0,238,238,124,56,124,238,238,0,238,238,124,124,56,56,112,
	0,254,254,28,56,112,254,254,60,124,112,112,112,124,124,60,
	56,56,56,0,56,56,56,56,120,124,28,28,28,124,124,120,
	236,254,118,0,0,0,0,0,0,16,56,124,254,254,254,254,
	0,0,0,0,0,0,0,0,0,0,0,0,0,0,0,0,
	0,0,0,0,0,0,0,0,0,0,0,0,0,0,0,0,
	0,0,0,0,0,0,0,0,0,0,0,0,0,0,0,0,
	0,0,0,0,0,0,0,0,0,0,0,0,0,0,0,0,
	0,0,0,0,0,0,0,0,0,0,0,0,0,0,0,0,
	0,0,0,0,0,0,0,0,0,0,0,0,0,0,0,0,
	0,0,0,0,0,0,0,0,0,0,0,0,0,0,0,0,
	0,0,0,0,0,0,0,0,0,0,0,0,0,0,0,0,
	0,0,0,0,0,0,0,0,0,0,0,0,0,0,0,0,
	0,0,0,0,0,0,0,0,0,0,0,0,0,0,0,0,
	0,0,0,0,0,0,0,0,0,0,0,0,0,0,0,0,
	0,0,0,0,0,0,0,0,0,0,0,0,0,0,0,0,
	0,0,0,0,0,0,0,0,0,0,0,0,0,0,0,0,
	0,0,0,0,0,0,0,0,0,0,0,0,0,0,0,0,
	0,0,0,0,0,0,0,0,0,0,0,0,0,0,0,0,
	0,0,0,0,0,0,0,0,0,0,0,0,0,0,0,0,
	0,0,0,0,0,0,0,0,0,0,0,0,0,0,0,0,
	0,0,0,0,0,0,0,0,0,0,0,0,0,0,0,0,
	0,0,0,0,0,0,0,0,0,0,0,0,0,0,0,0,
	0,0,0,0,0,0,0,0,0,0,0,0,0,0,0,0,
	0,0,0,0,0,0,0,0,0,0,0,0,0,0,0,0,
	0,0,0,0,0,0,0,0,0,0,0,0,0,0,0,0,
	0,0,0,0,0,0,0,0,0,0,0,0,0,0,0,0,
	0,0,0,0,0,0,0,0,0,0,0,0,0,0,0,0,
	0,0,0,0,0,0,0,0,0,0,0,0,0,0,0,0,
	0,0,0,0,0,0,0,0,0,0,0,0,0,0,0,0,
	0,0,0,0,0,0,0,0,0,0,0,0,0,0,0,0,
	0,0,0,0,0,0,0,0,0,0,0,0,0,0,0,0,
	0,0,0,0,0,0,0,0,0,0,0,0,0,0,0,0,
	0,0,0,0,0,0,0,0,0,0,0,0,0,0,0,0,
	0,0,0,0,0,0,0,0,0,0,0,0,0,0,0,0,
	0,0,0,0,0,0,0,0,0,0,0,0,0,0,0,0,
	0,0,0,0,0,0,0,0,0,0,0,0,0,0,0,0,
	0,0,0,0,0,0,0,0,0,0,0,0,0,0,0,0,
	0,0,0,0,0,0,0,0,0,0,0,0,0,0,0,0,
	0,0,0,0,0,0,0,0,0,0,0,0,0,0,0,0,
	0,0,0,0,0,0,0,0,0,0,0,0,0,0,0,0,
	0,0,0,0,0,0,0,0,0,0,0,0,0,0,0,0,
	0,0,0,0,0,0,0,0,0,0,0,0,0,0,0,0,
	0,0,0,0,0,0,0,0,0,0,0,0,0,0,0,0,
	0,0,0,0,0,0,0,0,0,0,0,0,0,0,0,0,
	0,0,0,0,0,0,0,0,0,0,0,0,0,0,0,0,
	0,0,0,0,0,0,0,0,0,0,0,0,0,0,0,0,
	0,0,0,0,0,0,0,0,0,0,0,0,0,0,0,0,
	0,0,0,0,0,0,0,0,0,0,0,0,0,0,0,0,
	0,0,0,0,0,0,0,0,0,0,0,0,0,0,0,0,
	0,0,0,0,0,0,0,0,0,0,0,0,0,0,0,0,
	0,0,0,0,0,0,0,0,0,0,0,0,0,0,0,0,
	0,0,0,0,0,0,0,0,0,0,0,0,0,0,0,0,
	0,0,0,0,0,0,0,0,0,0,0,0,0,0,0,0,
	0,0,0,0,0,0,0,0,0,0,0,0,0,0,0,0,
	0,0,0,0,0,0,0,0,0,0,0,0,0,0,0,0,
	0,0,0,0,0,0,0,0,0,0,0,0,0,0,0,0,
	0,0,0,0,0,0,0,0,0,0,0,0,0,0,0,0,
	0,0,0,0,0,0,0,0,0,0,0,0,0,0,0,0,
	0,0,0,0,0,0,0,0,0,0,0,0,0,0,0,0,
	0,0,0,0,0,0,0,0,0,0,0,0,0,0,0,0,
	0,0,0,0,0,0,0,0,0,0,0,0,0,0,0,0,
	0,0,0,0,0,0,0,0,0,0,0,0,0,0,0,0,
	0,0,0,0,0,0,0,0,0,0,0,0,0,0,0,0,
	0,0,0,0,0,0,0,0,0,0,0,0,0,0,0,0,
	0,0,0,0,0,0,0,0,0,0,0,0,0,0,0,0,
	0,0,0,0,0,0,0,0,0,0,0,0,0,0,0,0,
	0,0,0,0,0,0,0,0,0,0,0,0,0,0,0,0,
};
// This is an 8x12 font
unsigned char font4[3072] = {
   0, 0, 0, 0, 0, 0, 0, 0, 0, 0, 0, 0,
   0, 0, 0, 0, 0, 0, 0, 0, 0, 0, 0, 0,
   0, 0, 0, 0, 0, 0, 0, 0, 0, 0, 0, 0,
   0, 0, 0, 0, 0, 0, 0, 0, 0, 0, 0, 0,
   0, 0, 0, 0, 0, 0, 0, 0, 0, 0, 0, 0,
   0, 0, 0, 0, 0, 0, 0, 0, 0, 0, 0, 0,
   0, 0, 0, 0, 0, 0, 0, 0, 0, 0, 0, 0,
   0, 0, 0, 0, 0, 0, 0, 0, 0, 0, 0, 0,
   0, 0, 0, 0, 0, 0, 0, 0, 0, 0, 0, 0,
   0, 0, 0, 0, 0, 0, 0, 0, 0, 0, 0, 0,
   0, 0, 0, 0, 0, 0, 0, 0, 0, 0, 0, 0,
   0, 0, 0, 0, 0, 0, 0, 0, 0, 0, 0, 0,
   0, 0, 0, 0, 0, 0, 0, 0, 0, 0, 0, 0,
   0, 0, 0, 0, 0, 0, 0, 0, 0, 0, 0, 0,
   0, 0, 0, 0, 0, 0, 0, 0, 0, 0, 0, 0,
   0, 0, 0, 0, 0, 0, 0, 0, 0, 0, 0, 0,
   0, 0, 0, 0, 0, 0, 0, 0, 0, 0, 0, 0,
   0, 0, 0, 0, 0, 0, 0, 0, 0, 0, 0, 0,
   0, 0, 0, 0, 0, 0, 0, 0, 0, 0, 0, 0,
   0, 0, 0, 0, 0, 0, 0, 0, 0, 0, 0, 0,
   0, 0, 0, 0, 0, 0, 0, 0, 0, 0, 0, 0,
   0, 0, 0, 0, 0, 0, 0, 0, 0, 0, 0, 0,
   0, 0, 0, 0, 0, 0, 0, 0, 0, 0, 0, 0,
   0, 0, 0, 0, 0, 0, 0, 0, 0, 0, 0, 0,
   0, 0, 0, 0, 0, 0, 0, 0, 0, 0, 0, 0,
   0, 0, 0, 0, 0, 0, 0, 0, 0, 0, 0, 0,
   0, 0, 0, 0, 0, 0, 0, 0, 0, 0, 0, 0,
   0, 0, 0, 0, 0, 0, 0, 0, 0, 0, 0, 0,
   0, 0, 0, 0, 0, 0, 0, 0, 0, 0, 0, 0,
   0, 0, 0, 0, 0, 0, 0, 0, 0, 0, 0, 0,
   0, 0, 0, 0, 0, 0, 0, 0, 0, 0, 0, 0,
   0, 0, 0, 0, 0, 0, 0, 0, 0, 0, 0, 0,
   0, 0, 0, 0, 0, 0, 0, 0, 0, 0, 0, 0,
   48, 48, 48, 48, 48, 48, 0, 48, 48, 0, 0, 0,
   0, 0, 0, 0, 0, 0, 0, 0, 0, 0, 0, 0,
   0, 0, 0, 0, 0, 0, 0, 0, 0, 0, 0, 0,
   0, 0, 0, 0, 0, 0, 0, 0, 0, 0, 0, 0,
   0, 0, 0, 0, 0, 0, 0, 0, 0, 0, 0, 0,
   0, 0, 0, 0, 0, 0, 0, 0, 0, 0, 0, 0,
   0, 0, 0, 0, 0, 0, 0, 0, 0, 0, 0, 0,
   0, 0, 0, 0, 0, 0, 0, 0, 0, 0, 0, 0,
   0, 0, 0, 0, 0, 0, 0, 0, 0, 0, 0, 0,
   0, 0, 0, 0, 0, 0, 0, 0, 0, 0, 0, 0,
   0, 0, 0, 0, 0, 0, 0, 0, 0, 0, 0, 0,
   0, 0, 0, 0, 0, 0, 0, 48, 48, 16, 32, 0,
   0, 0, 0, 0, 124, 0, 0, 0, 0, 0, 0, 0,
   0, 0, 0, 0, 0, 0, 0, 48, 48, 0, 0, 0,
   0, 0, 0, 0, 0, 0, 0, 0, 0, 0, 0, 0,
   120, 204, 204, 204, 204, 204, 204, 204, 120, 0, 0, 0,
   48, 112, 48, 48, 48, 48, 48, 48, 48, 0, 0, 0,
   124, 134, 6, 12, 24, 48, 96, 192, 252, 0, 0, 0,
   252, 8, 16, 56, 12, 12, 12, 140, 120, 0, 0, 0,
   4, 12, 28, 44, 76, 254, 12, 12, 12, 0, 0, 0,
   252, 192, 192, 248, 12, 12, 12, 140, 120, 0, 0, 0,
   56, 96, 192, 248, 204, 204, 204, 204, 120, 0, 0, 0,
   252, 12, 12, 12, 24, 48, 48, 48, 48, 0, 0, 0,
   120, 204, 204, 204, 120, 204, 204, 204, 120, 0, 0, 0,
   120, 204, 204, 204, 204, 124, 12, 24, 112, 0, 0, 0,
   0, 0, 0, 48, 48, 0, 0, 48, 48, 0, 0, 0,
   0, 0, 0, 48, 48, 0, 0, 48, 48, 16, 32, 0,
   0, 0, 0, 0, 0, 0, 0, 0, 0, 0, 0, 0,
   0, 0, 0, 0, 0, 0, 0, 0, 0, 0, 0, 0,
   0, 0, 0, 0, 0, 0, 0, 0, 0, 0, 0, 0,
   120, 140, 12, 24, 48, 48, 0, 48, 48, 0, 0, 0,
   0, 0, 0, 0, 0, 0, 0, 0, 0, 0, 0, 0,
   120, 204, 204, 204, 252, 204, 204, 204, 204, 0, 0, 0,
   248, 204, 204, 204, 248, 204, 204, 204, 248, 0, 0, 0,
   120, 196, 192, 192, 192, 192, 192, 196, 120, 0, 0, 0,
   248, 204, 204, 204, 204, 204, 204, 204, 248, 0, 0, 0,
   252, 192, 192, 192, 248, 192, 192, 192, 252, 0, 0, 0,
   252, 192, 192, 192, 248, 192, 192, 192, 192, 0, 0, 0,
   120, 196, 192, 192, 220, 204, 204, 204, 120, 0, 0, 0,
   204, 204, 204, 204, 252, 204, 204, 204, 204, 0, 0, 0,
   48, 48, 48, 48, 48, 48, 48, 48, 48, 0, 0, 0,
   12, 12, 12, 12, 12, 12, 204, 204, 120, 0, 0, 0,
   198, 204, 216, 240, 224, 240, 216, 204, 198, 0, 0, 0,
   192, 192, 192, 192, 192, 192, 192, 192, 252, 0, 0, 0,
   130, 198, 238, 254, 186, 146, 130, 130, 130, 0, 0, 0,
   130, 194, 226, 242, 186, 158, 142, 134, 130, 0, 0, 0,
   120, 204, 204, 204, 204, 204, 204, 204, 120, 0, 0, 0,
   248, 204, 204, 248, 192, 192, 192, 192, 192, 0, 0, 0,
   120, 204, 204, 204, 204, 204, 204, 204, 120, 12, 0, 0,
   248, 204, 204, 248, 204, 204, 204, 204, 204, 0, 0, 0,
   112, 200, 192, 224, 112, 56, 24, 152, 112, 0, 0, 0,
   252, 48, 48, 48, 48, 48, 48, 48, 48, 0, 0, 0,
   204, 204, 204, 204, 204, 204, 204, 204, 120, 0, 0, 0,
   204, 204, 204, 204, 204, 204, 204, 200, 240, 0, 0, 0,
   214, 214, 214, 214, 214, 214, 214, 212, 248, 0, 0, 0,
   204, 204, 204, 120, 48, 120, 204, 204, 204, 0, 0, 0,
   204, 204, 204, 120, 48, 48, 48, 48, 48, 0, 0, 0,
   252, 12, 12, 24, 48, 96, 192, 192, 252, 0, 0, 0,
   0, 0, 0, 0, 0, 0, 0, 0, 0, 0, 0, 0,
   0, 0, 0, 0, 0, 0, 0, 0, 0, 0, 0, 0,
   0, 0, 0, 0, 0, 0, 0, 0, 0, 0, 0, 0,
   0, 0, 0, 0, 0, 0, 0, 0, 0, 0, 0, 0,
   0, 0, 0, 0, 0, 0, 0, 0, 254, 0, 0, 0,
   0, 0, 0, 0, 0, 0, 0, 0, 0, 0, 0, 0,
   0, 0, 120, 140, 124, 204, 204, 204, 124, 0, 0, 0,
   192, 192, 248, 204, 204, 204, 204, 204, 248, 0, 0, 0,
   0, 0, 120, 196, 192, 192, 192, 196, 120, 0, 0, 0,
   12, 12, 124, 204, 204, 204, 204, 204, 124, 0, 0, 0,
   0, 0, 120, 204, 204, 252, 192, 196, 120, 0, 0, 0,
   56, 96, 240, 96, 96, 96, 96, 96, 96, 0, 0, 0,
   0, 0, 124, 204, 204, 204, 204, 204, 124, 12, 140, 120,
   192, 192, 248, 204, 204, 204, 204, 204, 204, 0, 0, 0,
   48, 0, 48, 48, 48, 48, 48, 48, 48, 0, 0, 0,
   24, 0, 24, 24, 24, 24, 24, 24, 24, 24, 152, 112,
   192, 192, 204, 216, 240, 224, 240, 216, 204, 0, 0, 0,
   48, 48, 48, 48, 48, 48, 48, 48, 48, 0, 0, 0,
   0, 0, 252, 214, 214, 214, 214, 214, 214, 0, 0, 0,
   0, 0, 248, 204, 204, 204, 204, 204, 204, 0, 0, 0,
   0, 0, 120, 204, 204, 204, 204, 204, 120, 0, 0, 0,
   0, 0, 248, 204, 204, 204, 204, 204, 248, 192, 192, 0,
   0, 0, 124, 204, 204, 204, 204, 204, 124, 12, 12, 0,
   0, 0, 216, 224, 192, 192, 192, 192, 192, 0, 0, 0,
   0, 0, 112, 200, 224, 112, 56, 152, 112, 0, 0, 0,
   96, 96, 240, 96, 96, 96, 96, 96, 48, 0, 0, 0,
   0, 0, 204, 204, 204, 204, 204, 204, 124, 0, 0, 0,
   0, 0, 204, 204, 204, 204, 204, 200, 240, 0, 0, 0,
   0, 0, 214, 214, 214, 214, 214, 212, 248, 0, 0, 0,
   0, 0, 204, 204, 204, 120, 204, 204, 204, 0, 0, 0,
   0, 0, 204, 204, 204, 204, 204, 204, 124, 12, 140, 120,
   0, 0, 252, 12, 24, 48, 96, 192, 252, 0, 0, 0,
};




// This is an 8 x 16 font 
 unsigned char font5[4096]= {
 0, 0, 0, 0, 0, 0, 0, 0, 0, 0, 0, 0, 0, 0, 0, 0
, 0, 0, 126, 129, 165, 129, 129, 189, 153, 129, 129, 126, 0, 0, 0, 0
, 0, 0, 126, 255, 219, 255, 255, 195, 231, 255, 255, 126, 0, 0, 0, 0
, 0, 0, 0, 0, 108, 254, 254, 254, 254, 124, 56, 16, 0, 0, 0, 0
, 0, 0, 0, 0, 16, 56, 124, 254, 124, 56, 16, 0, 0, 0, 0, 0
, 0, 0, 0, 24, 60, 60, 231, 231, 231, 24, 24, 60, 0, 0, 0, 0
, 0, 0, 0, 24, 60, 126, 255, 255, 126, 24, 24, 60, 0, 0, 0, 0
, 0, 0, 0, 0, 0, 0, 24, 60, 60, 24, 0, 0, 0, 0, 0, 0
, 255, 255, 255, 255, 255, 255, 231, 195, 195, 231, 255, 255, 255, 255, 255, 255
, 0, 0, 0, 0, 0, 60, 102, 66, 66, 102, 60, 0, 0, 0, 0, 0
, 255, 255, 255, 255, 255, 195, 153, 189, 189, 153, 195, 255, 255, 255, 255, 255
, 0, 0, 30, 14, 26, 50, 120, 204, 204, 204, 204, 120, 0, 0, 0, 0
, 0, 0, 60, 102, 102, 102, 102, 60, 24, 126, 24, 24, 0, 0, 0, 0
, 0, 0, 63, 51, 63, 48, 48, 48, 48, 112, 240, 224, 0, 0, 0, 0
, 0, 0, 127, 99, 127, 99, 99, 99, 99, 103, 231, 230, 192, 0, 0, 0
, 0, 0, 0, 24, 24, 219, 60, 231, 60, 219, 24, 24, 0, 0, 0, 0
, 0, 128, 192, 224, 240, 248, 254, 248, 240, 224, 192, 128, 0, 0, 0, 0
, 0, 2, 6, 14, 30, 62, 254, 62, 30, 14, 6, 2, 0, 0, 0, 0
, 0, 0, 24, 60, 126, 24, 24, 24, 126, 60, 24, 0, 0, 0, 0, 0
, 0, 0, 102, 102, 102, 102, 102, 102, 102, 0, 102, 102, 0, 0, 0, 0
, 0, 0, 127, 219, 219, 219, 123, 27, 27, 27, 27, 27, 0, 0, 0, 0
, 0, 124, 198, 96, 56, 108, 198, 198, 108, 56, 12, 198, 124, 0, 0, 0
, 0, 0, 0, 0, 0, 0, 0, 0, 254, 254, 254, 254, 0, 0, 0, 0
, 0, 0, 24, 60, 126, 24, 24, 24, 126, 60, 24, 126, 0, 0, 0, 0
, 0, 0, 24, 60, 126, 24, 24, 24, 24, 24, 24, 24, 0, 0, 0, 0
, 0, 0, 24, 24, 24, 24, 24, 24, 24, 126, 60, 24, 0, 0, 0, 0
, 0, 0, 0, 0, 0, 24, 12, 254, 12, 24, 0, 0, 0, 0, 0, 0
, 0, 0, 0, 0, 0, 48, 96, 254, 96, 48, 0, 0, 0, 0, 0, 0
, 0, 0, 0, 0, 0, 0, 192, 192, 192, 254, 0, 0, 0, 0, 0, 0
, 0, 0, 0, 0, 0, 40, 108, 254, 108, 40, 0, 0, 0, 0, 0, 0
, 0, 0, 0, 0, 16, 56, 56, 124, 124, 254, 254, 0, 0, 0, 0, 0
, 0, 0, 0, 0, 254, 254, 124, 124, 56, 56, 16, 0, 0, 0, 0, 0
, 0, 0, 0, 0, 0, 0, 0, 0, 0, 0, 0, 0, 0, 0, 0, 0
, 0, 0, 24, 60, 60, 60, 24, 24, 24, 0, 24, 24, 0, 0, 0, 0
, 0, 102, 102, 102, 36, 0, 0, 0, 0, 0, 0, 0, 0, 0, 0, 0
, 0, 0, 0, 108, 108, 254, 108, 108, 108, 254, 108, 108, 0, 0, 0, 0
, 24, 24, 124, 198, 194, 192, 124, 6, 6, 134, 198, 124, 24, 24, 0, 0
, 0, 0, 0, 0, 194, 198, 12, 24, 48, 96, 198, 134, 0, 0, 0, 0
, 0, 0, 56, 108, 108, 56, 118, 220, 204, 204, 204, 118, 0, 0, 0, 0
, 0, 48, 48, 48, 96, 0, 0, 0, 0, 0, 0, 0, 0, 0, 0, 0
, 0, 0, 12, 24, 48, 48, 48, 48, 48, 48, 24, 12, 0, 0, 0, 0
, 0, 0, 48, 24, 12, 12, 12, 12, 12, 12, 24, 48, 0, 0, 0, 0
, 0, 0, 0, 0, 0, 102, 60, 255, 60, 102, 0, 0, 0, 0, 0, 0
, 0, 0, 0, 0, 0, 24, 24, 126, 24, 24, 0, 0, 0, 0, 0, 0
, 0, 0, 0, 0, 0, 0, 0, 0, 0, 24, 24, 24, 48, 0, 0, 0
, 0, 0, 0, 0, 0, 0, 0, 254, 0, 0, 0, 0, 0, 0, 0, 0
, 0, 0, 0, 0, 0, 0, 0, 0, 0, 0, 24, 24, 0, 0, 0, 0
, 0, 0, 0, 0, 2, 6, 12, 24, 48, 96, 192, 128, 0, 0, 0, 0
, 0, 0, 56, 108, 198, 198, 214, 214, 198, 198, 108, 56, 0, 0, 0, 0
, 0, 0, 24, 56, 120, 24, 24, 24, 24, 24, 24, 126, 0, 0, 0, 0
, 0, 0, 124, 198, 6, 12, 24, 48, 96, 192, 198, 254, 0, 0, 0, 0
, 0, 0, 124, 198, 6, 6, 60, 6, 6, 6, 198, 124, 0, 0, 0, 0
, 0, 0, 12, 28, 60, 108, 204, 254, 12, 12, 12, 30, 0, 0, 0, 0
, 0, 0, 254, 192, 192, 192, 252, 6, 6, 6, 198, 124, 0, 0, 0, 0
, 0, 0, 56, 96, 192, 192, 252, 198, 198, 198, 198, 124, 0, 0, 0, 0
, 0, 0, 254, 198, 6, 6, 12, 24, 48, 48, 48, 48, 0, 0, 0, 0
, 0, 0, 124, 198, 198, 198, 124, 198, 198, 198, 198, 124, 0, 0, 0, 0
, 0, 0, 124, 198, 198, 198, 126, 6, 6, 6, 12, 120, 0, 0, 0, 0
, 0, 0, 0, 0, 24, 24, 0, 0, 0, 24, 24, 0, 0, 0, 0, 0
, 0, 0, 0, 0, 24, 24, 0, 0, 0, 24, 24, 48, 0, 0, 0, 0
, 0, 0, 0, 6, 12, 24, 48, 96, 48, 24, 12, 6, 0, 0, 0, 0
, 0, 0, 0, 0, 0, 126, 0, 0, 126, 0, 0, 0, 0, 0, 0, 0
, 0, 0, 0, 96, 48, 24, 12, 6, 12, 24, 48, 96, 0, 0, 0, 0
, 0, 0, 124, 198, 198, 12, 24, 24, 24, 0, 24, 24, 0, 0, 0, 0
, 0, 0, 0, 124, 198, 198, 222, 222, 222, 220, 192, 124, 0, 0, 0, 0
, 0, 0, 16, 56, 108, 198, 198, 254, 198, 198, 198, 198, 0, 0, 0, 0
, 0, 0, 252, 102, 102, 102, 124, 102, 102, 102, 102, 252, 0, 0, 0, 0
, 0, 0, 60, 102, 194, 192, 192, 192, 192, 194, 102, 60, 0, 0, 0, 0
, 0, 0, 248, 108, 102, 102, 102, 102, 102, 102, 108, 248, 0, 0, 0, 0
, 0, 0, 254, 102, 98, 104, 120, 104, 96, 98, 102, 254, 0, 0, 0, 0
, 0, 0, 254, 102, 98, 104, 120, 104, 96, 96, 96, 240, 0, 0, 0, 0
, 0, 0, 60, 102, 194, 192, 192, 222, 198, 198, 102, 58, 0, 0, 0, 0
, 0, 0, 198, 198, 198, 198, 254, 198, 198, 198, 198, 198, 0, 0, 0, 0
, 0, 0, 60, 24, 24, 24, 24, 24, 24, 24, 24, 60, 0, 0, 0, 0
, 0, 0, 30, 12, 12, 12, 12, 12, 204, 204, 204, 120, 0, 0, 0, 0
, 0, 0, 230, 102, 102, 108, 120, 120, 108, 102, 102, 230, 0, 0, 0, 0
, 0, 0, 240, 96, 96, 96, 96, 96, 96, 98, 102, 254, 0, 0, 0, 0
, 0, 0, 198, 238, 254, 254, 214, 198, 198, 198, 198, 198, 0, 0, 0, 0
, 0, 0, 198, 230, 246, 254, 222, 206, 198, 198, 198, 198, 0, 0, 0, 0
, 0, 0, 124, 198, 198, 198, 198, 198, 198, 198, 198, 124, 0, 0, 0, 0
, 0, 0, 252, 102, 102, 102, 124, 96, 96, 96, 96, 240, 0, 0, 0, 0
, 0, 0, 124, 198, 198, 198, 198, 198, 198, 214, 222, 124, 12, 14, 0, 0
, 0, 0, 252, 102, 102, 102, 124, 108, 102, 102, 102, 230, 0, 0, 0, 0
, 0, 0, 124, 198, 198, 96, 56, 12, 6, 198, 198, 124, 0, 0, 0, 0
, 0, 0, 126, 126, 90, 24, 24, 24, 24, 24, 24, 60, 0, 0, 0, 0
, 0, 0, 198, 198, 198, 198, 198, 198, 198, 198, 198, 124, 0, 0, 0, 0
, 0, 0, 198, 198, 198, 198, 198, 198, 198, 108, 56, 16, 0, 0, 0, 0
, 0, 0, 198, 198, 198, 198, 214, 214, 214, 254, 238, 108, 0, 0, 0, 0
, 0, 0, 198, 198, 108, 124, 56, 56, 124, 108, 198, 198, 0, 0, 0, 0
, 0, 0, 102, 102, 102, 102, 60, 24, 24, 24, 24, 60, 0, 0, 0, 0
, 0, 0, 254, 198, 134, 12, 24, 48, 96, 194, 198, 254, 0, 0, 0, 0
, 0, 0, 60, 48, 48, 48, 48, 48, 48, 48, 48, 60, 0, 0, 0, 0
, 0, 0, 0, 128, 192, 224, 112, 56, 28, 14, 6, 2, 0, 0, 0, 0
, 0, 0, 60, 12, 12, 12, 12, 12, 12, 12, 12, 60, 0, 0, 0, 0
, 16, 56, 108, 198, 0, 0, 0, 0, 0, 0, 0, 0, 0, 0, 0, 0
, 0, 0, 0, 0, 0, 0, 0, 0, 0, 0, 0, 0, 0, 255, 0, 0
, 48, 48, 24, 0, 0, 0, 0, 0, 0, 0, 0, 0, 0, 0, 0, 0
, 0, 0, 0, 0, 0, 120, 12, 124, 204, 204, 204, 118, 0, 0, 0, 0
, 0, 0, 224, 96, 96, 120, 108, 102, 102, 102, 102, 124, 0, 0, 0, 0
, 0, 0, 0, 0, 0, 124, 198, 192, 192, 192, 198, 124, 0, 0, 0, 0
, 0, 0, 28, 12, 12, 60, 108, 204, 204, 204, 204, 118, 0, 0, 0, 0
, 0, 0, 0, 0, 0, 124, 198, 254, 192, 192, 198, 124, 0, 0, 0, 0
, 0, 0, 56, 108, 100, 96, 240, 96, 96, 96, 96, 240, 0, 0, 0, 0
, 0, 0, 0, 0, 0, 118, 204, 204, 204, 204, 204, 124, 12, 204, 120, 0
, 0, 0, 224, 96, 96, 108, 118, 102, 102, 102, 102, 230, 0, 0, 0, 0
, 0, 0, 24, 24, 0, 56, 24, 24, 24, 24, 24, 60, 0, 0, 0, 0
, 0, 0, 6, 6, 0, 14, 6, 6, 6, 6, 6, 6, 102, 102, 60, 0
, 0, 0, 224, 96, 96, 102, 108, 120, 120, 108, 102, 230, 0, 0, 0, 0
, 0, 0, 56, 24, 24, 24, 24, 24, 24, 24, 24, 60, 0, 0, 0, 0
, 0, 0, 0, 0, 0, 236, 254, 214, 214, 214, 214, 198, 0, 0, 0, 0
, 0, 0, 0, 0, 0, 220, 102, 102, 102, 102, 102, 102, 0, 0, 0, 0
, 0, 0, 0, 0, 0, 124, 198, 198, 198, 198, 198, 124, 0, 0, 0, 0
, 0, 0, 0, 0, 0, 220, 102, 102, 102, 102, 102, 124, 96, 96, 240, 0
, 0, 0, 0, 0, 0, 118, 204, 204, 204, 204, 204, 124, 12, 12, 30, 0
, 0, 0, 0, 0, 0, 220, 118, 102, 96, 96, 96, 240, 0, 0, 0, 0
, 0, 0, 0, 0, 0, 124, 198, 96, 56, 12, 198, 124, 0, 0, 0, 0
, 0, 0, 16, 48, 48, 252, 48, 48, 48, 48, 54, 28, 0, 0, 0, 0
, 0, 0, 0, 0, 0, 204, 204, 204, 204, 204, 204, 118, 0, 0, 0, 0
, 0, 0, 0, 0, 0, 102, 102, 102, 102, 102, 60, 24, 0, 0, 0, 0
, 0, 0, 0, 0, 0, 198, 198, 214, 214, 214, 254, 108, 0, 0, 0, 0
, 0, 0, 0, 0, 0, 198, 108, 56, 56, 56, 108, 198, 0, 0, 0, 0
, 0, 0, 0, 0, 0, 198, 198, 198, 198, 198, 198, 126, 6, 12, 248, 0
, 0, 0, 0, 0, 0, 254, 204, 24, 48, 96, 198, 254, 0, 0, 0, 0
, 0, 0, 14, 24, 24, 24, 112, 24, 24, 24, 24, 14, 0, 0, 0, 0
, 0, 0, 24, 24, 24, 24, 0, 24, 24, 24, 24, 24, 0, 0, 0, 0
, 0, 0, 112, 24, 24, 24, 14, 24, 24, 24, 24, 112, 0, 0, 0, 0
, 0, 0, 118, 220, 0, 0, 0, 0, 0, 0, 0, 0, 0, 0, 0, 0
, 0, 0, 0, 0, 16, 56, 108, 198, 198, 198, 254, 0, 0, 0, 0, 0
, 0, 0, 60, 102, 194, 192, 192, 192, 194, 102, 60, 12, 6, 124, 0, 0
, 0, 0, 204, 0, 0, 204, 204, 204, 204, 204, 204, 118, 0, 0, 0, 0
, 0, 12, 24, 48, 0, 124, 198, 254, 192, 192, 198, 124, 0, 0, 0, 0
, 0, 16, 56, 108, 0, 120, 12, 124, 204, 204, 204, 118, 0, 0, 0, 0
, 0, 0, 204, 0, 0, 120, 12, 124, 204, 204, 204, 118, 0, 0, 0, 0
, 0, 96, 48, 24, 0, 120, 12, 124, 204, 204, 204, 118, 0, 0, 0, 0
, 0, 56, 108, 56, 0, 120, 12, 124, 204, 204, 204, 118, 0, 0, 0, 0
, 0, 0, 0, 0, 60, 102, 96, 96, 102, 60, 12, 6, 60, 0, 0, 0
, 0, 16, 56, 108, 0, 124, 198, 254, 192, 192, 198, 124, 0, 0, 0, 0
, 0, 0, 198, 0, 0, 124, 198, 254, 192, 192, 198, 124, 0, 0, 0, 0
, 0, 96, 48, 24, 0, 124, 198, 254, 192, 192, 198, 124, 0, 0, 0, 0
, 0, 0, 102, 0, 0, 56, 24, 24, 24, 24, 24, 60, 0, 0, 0, 0
, 0, 24, 60, 102, 0, 56, 24, 24, 24, 24, 24, 60, 0, 0, 0, 0
, 0, 96, 48, 24, 0, 56, 24, 24, 24, 24, 24, 60, 0, 0, 0, 0
, 0, 198, 0, 16, 56, 108, 198, 198, 254, 198, 198, 198, 0, 0, 0, 0
, 56, 108, 56, 0, 56, 108, 198, 198, 254, 198, 198, 198, 0, 0, 0, 0
, 24, 48, 96, 0, 254, 102, 96, 124, 96, 96, 102, 254, 0, 0, 0, 0
, 0, 0, 0, 0, 0, 204, 118, 54, 126, 216, 216, 110, 0, 0, 0, 0
, 0, 0, 62, 108, 204, 204, 254, 204, 204, 204, 204, 206, 0, 0, 0, 0
, 0, 16, 56, 108, 0, 124, 198, 198, 198, 198, 198, 124, 0, 0, 0, 0
, 0, 0, 198, 0, 0, 124, 198, 198, 198, 198, 198, 124, 0, 0, 0, 0
, 0, 96, 48, 24, 0, 124, 198, 198, 198, 198, 198, 124, 0, 0, 0, 0
, 0, 48, 120, 204, 0, 204, 204, 204, 204, 204, 204, 118, 0, 0, 0, 0
, 0, 96, 48, 24, 0, 204, 204, 204, 204, 204, 204, 118, 0, 0, 0, 0
, 0, 0, 198, 0, 0, 198, 198, 198, 198, 198, 198, 126, 6, 12, 120, 0
, 0, 198, 0, 124, 198, 198, 198, 198, 198, 198, 198, 124, 0, 0, 0, 0
, 0, 198, 0, 198, 198, 198, 198, 198, 198, 198, 198, 124, 0, 0, 0, 0
, 0, 24, 24, 60, 102, 96, 96, 96, 102, 60, 24, 24, 0, 0, 0, 0
, 0, 56, 108, 100, 96, 240, 96, 96, 96, 96, 230, 252, 0, 0, 0, 0
, 0, 0, 102, 102, 60, 24, 126, 24, 126, 24, 24, 24, 0, 0, 0, 0
, 0, 248, 204, 204, 248, 196, 204, 222, 204, 204, 204, 198, 0, 0, 0, 0
, 0, 14, 27, 24, 24, 24, 126, 24, 24, 24, 24, 24, 216, 112, 0, 0
, 0, 24, 48, 96, 0, 120, 12, 124, 204, 204, 204, 118, 0, 0, 0, 0
, 0, 12, 24, 48, 0, 56, 24, 24, 24, 24, 24, 60, 0, 0, 0, 0
, 0, 24, 48, 96, 0, 124, 198, 198, 198, 198, 198, 124, 0, 0, 0, 0
, 0, 24, 48, 96, 0, 204, 204, 204, 204, 204, 204, 118, 0, 0, 0, 0
, 0, 0, 118, 220, 0, 220, 102, 102, 102, 102, 102, 102, 0, 0, 0, 0
, 118, 220, 0, 198, 230, 246, 254, 222, 206, 198, 198, 198, 0, 0, 0, 0
, 0, 60, 108, 108, 62, 0, 126, 0, 0, 0, 0, 0, 0, 0, 0, 0
, 0, 56, 108, 108, 56, 0, 124, 0, 0, 0, 0, 0, 0, 0, 0, 0
, 0, 0, 48, 48, 0, 48, 48, 96, 192, 198, 198, 124, 0, 0, 0, 0
, 0, 0, 0, 0, 0, 0, 254, 192, 192, 192, 192, 0, 0, 0, 0, 0
, 0, 0, 0, 0, 0, 0, 254, 6, 6, 6, 6, 0, 0, 0, 0, 0
, 0, 192, 192, 194, 198, 204, 24, 48, 96, 220, 134, 12, 24, 62, 0, 0
, 0, 192, 192, 194, 198, 204, 24, 48, 102, 206, 158, 62, 6, 6, 0, 0
, 0, 0, 24, 24, 0, 24, 24, 24, 60, 60, 60, 24, 0, 0, 0, 0
, 0, 0, 0, 0, 0, 54, 108, 216, 108, 54, 0, 0, 0, 0, 0, 0
, 0, 0, 0, 0, 0, 216, 108, 54, 108, 216, 0, 0, 0, 0, 0, 0
, 17, 68, 17, 68, 17, 68, 17, 68, 17, 68, 17, 68, 17, 68, 17, 68
, 85, 170, 85, 170, 85, 170, 85, 170, 85, 170, 85, 170, 85, 170, 85, 170
, 221, 119, 221, 119, 221, 119, 221, 119, 221, 119, 221, 119, 221, 119, 221, 119
, 24, 24, 24, 24, 24, 24, 24, 24, 24, 24, 24, 24, 24, 24, 24, 24
, 24, 24, 24, 24, 24, 24, 24, 248, 24, 24, 24, 24, 24, 24, 24, 24
, 24, 24, 24, 24, 24, 248, 24, 248, 24, 24, 24, 24, 24, 24, 24, 24
, 54, 54, 54, 54, 54, 54, 54, 246, 54, 54, 54, 54, 54, 54, 54, 54
, 0, 0, 0, 0, 0, 0, 0, 254, 54, 54, 54, 54, 54, 54, 54, 54
, 0, 0, 0, 0, 0, 248, 24, 248, 24, 24, 24, 24, 24, 24, 24, 24
, 54, 54, 54, 54, 54, 246, 6, 246, 54, 54, 54, 54, 54, 54, 54, 54
, 54, 54, 54, 54, 54, 54, 54, 54, 54, 54, 54, 54, 54, 54, 54, 54
, 0, 0, 0, 0, 0, 254, 6, 246, 54, 54, 54, 54, 54, 54, 54, 54
, 54, 54, 54, 54, 54, 246, 6, 254, 0, 0, 0, 0, 0, 0, 0, 0
, 54, 54, 54, 54, 54, 54, 54, 254, 0, 0, 0, 0, 0, 0, 0, 0
, 24, 24, 24, 24, 24, 248, 24, 248, 0, 0, 0, 0, 0, 0, 0, 0
, 0, 0, 0, 0, 0, 0, 0, 248, 24, 24, 24, 24, 24, 24, 24, 24
, 24, 24, 24, 24, 24, 24, 24, 31, 0, 0, 0, 0, 0, 0, 0, 0
, 24, 24, 24, 24, 24, 24, 24, 255, 0, 0, 0, 0, 0, 0, 0, 0
, 0, 0, 0, 0, 0, 0, 0, 255, 24, 24, 24, 24, 24, 24, 24, 24
, 24, 24, 24, 24, 24, 24, 24, 31, 24, 24, 24, 24, 24, 24, 24, 24
, 0, 0, 0, 0, 0, 0, 0, 255, 0, 0, 0, 0, 0, 0, 0, 0
, 24, 24, 24, 24, 24, 24, 24, 255, 24, 24, 24, 24, 24, 24, 24, 24
, 24, 24, 24, 24, 24, 31, 24, 31, 24, 24, 24, 24, 24, 24, 24, 24
, 54, 54, 54, 54, 54, 54, 54, 55, 54, 54, 54, 54, 54, 54, 54, 54
, 54, 54, 54, 54, 54, 55, 48, 63, 0, 0, 0, 0, 0, 0, 0, 0
, 0, 0, 0, 0, 0, 63, 48, 55, 54, 54, 54, 54, 54, 54, 54, 54
, 54, 54, 54, 54, 54, 247, 0, 255, 0, 0, 0, 0, 0, 0, 0, 0
, 0, 0, 0, 0, 0, 255, 0, 247, 54, 54, 54, 54, 54, 54, 54, 54
, 54, 54, 54, 54, 54, 55, 48, 55, 54, 54, 54, 54, 54, 54, 54, 54
, 0, 0, 0, 0, 0, 255, 0, 255, 0, 0, 0, 0, 0, 0, 0, 0
, 54, 54, 54, 54, 54, 247, 0, 247, 54, 54, 54, 54, 54, 54, 54, 54
, 24, 24, 24, 24, 24, 255, 0, 255, 0, 0, 0, 0, 0, 0, 0, 0
, 54, 54, 54, 54, 54, 54, 54, 255, 0, 0, 0, 0, 0, 0, 0, 0
, 0, 0, 0, 0, 0, 255, 0, 255, 24, 24, 24, 24, 24, 24, 24, 24
, 0, 0, 0, 0, 0, 0, 0, 255, 54, 54, 54, 54, 54, 54, 54, 54
, 54, 54, 54, 54, 54, 54, 54, 63, 0, 0, 0, 0, 0, 0, 0, 0
, 24, 24, 24, 24, 24, 31, 24, 31, 0, 0, 0, 0, 0, 0, 0, 0
, 0, 0, 0, 0, 0, 31, 24, 31, 24, 24, 24, 24, 24, 24, 24, 24
, 0, 0, 0, 0, 0, 0, 0, 63, 54, 54, 54, 54, 54, 54, 54, 54
, 54, 54, 54, 54, 54, 54, 54, 255, 54, 54, 54, 54, 54, 54, 54, 54
, 24, 24, 24, 24, 24, 255, 24, 255, 24, 24, 24, 24, 24, 24, 24, 24
, 24, 24, 24, 24, 24, 24, 24, 248, 0, 0, 0, 0, 0, 0, 0, 0
, 0, 0, 0, 0, 0, 0, 0, 31, 24, 24, 24, 24, 24, 24, 24, 24
, 255, 255, 255, 255, 255, 255, 255, 255, 255, 255, 255, 255, 255, 255, 255, 255
, 0, 0, 0, 0, 0, 0, 0, 255, 255, 255, 255, 255, 255, 255, 255, 255
, 240, 240, 240, 240, 240, 240, 240, 240, 240, 240, 240, 240, 240, 240, 240, 240
, 15, 15, 15, 15, 15, 15, 15, 15, 15, 15, 15, 15, 15, 15, 15, 15
, 255, 255, 255, 255, 255, 255, 255, 0, 0, 0, 0, 0, 0, 0, 0, 0
, 0, 0, 0, 0, 0, 118, 220, 216, 216, 216, 220, 118, 0, 0, 0, 0
, 0, 0, 120, 204, 204, 204, 216, 204, 198, 198, 198, 204, 0, 0, 0, 0
, 0, 0, 254, 198, 198, 192, 192, 192, 192, 192, 192, 192, 0, 0, 0, 0
, 0, 0, 0, 0, 254, 108, 108, 108, 108, 108, 108, 108, 0, 0, 0, 0
, 0, 0, 0, 254, 198, 96, 48, 24, 48, 96, 198, 254, 0, 0, 0, 0
, 0, 0, 0, 0, 0, 126, 216, 216, 216, 216, 216, 112, 0, 0, 0, 0
, 0, 0, 0, 0, 102, 102, 102, 102, 102, 124, 96, 96, 192, 0, 0, 0
, 0, 0, 0, 0, 118, 220, 24, 24, 24, 24, 24, 24, 0, 0, 0, 0
, 0, 0, 0, 126, 24, 60, 102, 102, 102, 60, 24, 126, 0, 0, 0, 0
, 0, 0, 0, 56, 108, 198, 198, 254, 198, 198, 108, 56, 0, 0, 0, 0
, 0, 0, 56, 108, 198, 198, 198, 108, 108, 108, 108, 238, 0, 0, 0, 0
, 0, 0, 30, 48, 24, 12, 62, 102, 102, 102, 102, 60, 0, 0, 0, 0
, 0, 0, 0, 0, 0, 126, 219, 219, 219, 126, 0, 0, 0, 0, 0, 0
, 0, 0, 0, 3, 6, 126, 219, 219, 243, 126, 96, 192, 0, 0, 0, 0
, 0, 0, 28, 48, 96, 96, 124, 96, 96, 96, 48, 28, 0, 0, 0, 0
, 0, 0, 0, 124, 198, 198, 198, 198, 198, 198, 198, 198, 0, 0, 0, 0
, 0, 0, 0, 0, 254, 0, 0, 254, 0, 0, 254, 0, 0, 0, 0, 0
, 0, 0, 0, 0, 24, 24, 126, 24, 24, 0, 0, 255, 0, 0, 0, 0
, 0, 0, 0, 48, 24, 12, 6, 12, 24, 48, 0, 126, 0, 0, 0, 0
, 0, 0, 0, 12, 24, 48, 96, 48, 24, 12, 0, 126, 0, 0, 0, 0
, 0, 0, 14, 27, 27, 24, 24, 24, 24, 24, 24, 24, 24, 24, 24, 24
, 24, 24, 24, 24, 24, 24, 24, 24, 216, 216, 216, 112, 0, 0, 0, 0
, 0, 0, 0, 0, 24, 24, 0, 126, 0, 24, 24, 0, 0, 0, 0, 0
, 0, 0, 0, 0, 0, 118, 220, 0, 118, 220, 0, 0, 0, 0, 0, 0
, 0, 56, 108, 108, 56, 0, 0, 0, 0, 0, 0, 0, 0, 0, 0, 0
, 0, 0, 0, 0, 0, 0, 0, 24, 24, 0, 0, 0, 0, 0, 0, 0
, 0, 0, 0, 0, 0, 0, 0, 0, 24, 0, 0, 0, 0, 0, 0, 0
, 0, 15, 12, 12, 12, 12, 12, 236, 108, 108, 60, 28, 0, 0, 0, 0
, 0, 216, 108, 108, 108, 108, 108, 0, 0, 0, 0, 0, 0, 0, 0, 0
, 0, 112, 216, 48, 96, 200, 248, 0, 0, 0, 0, 0, 0, 0, 0, 0
, 0, 0, 0, 0, 124, 124, 124, 124, 124, 124, 124, 0, 0, 0, 0, 0
, 0, 0, 0, 0, 0, 0, 0, 0, 0, 0, 0, 0, 0, 0, 0, 0
};
